List of species and weights used in analysis in order of columns:
Weight  distribution-sum  IGRetained TviolationFractRem  Distr-mean-X   Distr-mean-Y  MapFileName
1.000 	2351500.250	2351500.25	0.0000	1346.12	1561.53	../data/60/index_koivu_kp_1_60.img
1.000 	50118632.000	50118632.00	0.0000	1387.96	1461.78	../data/60/index_koivu_kp_2_60.img
1.000 	81361416.000	81361416.00	0.0000	1333.50	1491.24	../data/60/index_koivu_kp_3_60.img
1.000 	13588251.000	13588251.00	0.0000	1356.97	1549.49	../data/60/index_koivu_kp_4_60.img
1.000 	1609295.500	1609295.50	0.0000	1291.01	1480.55	../data/60/index_koivu_kp_5_60.img
1.000 	2308358.500	2308358.50	0.0000	1286.94	1539.23	../data/60/index_kuusi_kp_1_60.img
1.000 	174493104.000	174493104.00	0.0000	1418.74	1324.44	../data/60/index_kuusi_kp_2_60.img
1.000 	326396128.000	326396128.00	0.0000	1336.84	1345.87	../data/60/index_kuusi_kp_3_60.img
1.000 	32747576.000	32747576.00	0.0000	1348.63	1414.85	../data/60/index_kuusi_kp_4_60.img
1.000 	3910231.500	3910231.50	0.0000	1299.36	1391.27	../data/60/index_kuusi_kp_5_60.img
1.000 	2712169.000	2712169.00	0.0000	1348.23	1454.20	../data/60/index_mlp_kp_1_60.img
1.000 	27924944.000	27924944.00	0.0000	1358.11	1379.08	../data/60/index_mlp_kp_2_60.img
1.000 	40060700.000	40060700.00	0.0000	1353.76	1442.91	../data/60/index_mlp_kp_3_60.img
1.000 	7406191.500	7406191.50	0.0000	1393.50	1514.78	../data/60/index_mlp_kp_4_60.img
1.000 	1044901.312	1044901.31	0.0000	1276.03	1477.87	../data/60/index_mlp_kp_5_60.img
1.000 	1496314.625	1496314.62	0.0000	1308.99	1587.94	../data/60/index_manty_kp_1_60.img
1.000 	77221528.000	77221528.00	0.0000	1385.90	1474.03	../data/60/index_manty_kp_2_60.img
1.000 	284668480.000	284668480.00	0.0000	1397.01	1526.03	../data/60/index_manty_kp_3_60.img
1.000 	126537008.000	126537008.00	0.0000	1428.05	1556.14	../data/60/index_manty_kp_4_60.img
1.000 	12073807.000	12073807.00	0.0000	1340.65	1527.54	../data/60/index_manty_kp_5_60.img
