List of species and weights used in analysis in order of columns:
Weight  distribution-sum  IGRetained TviolationFractRem  Distr-mean-X   Distr-mean-Y  MapFileName
0.571 	2351500.250	2351500.25	0.0000	1988.16	1086.47	../data/60/index_koivu_kp_1_60.img
0.286 	50118632.000	50118632.00	0.0000	1928.94	1061.27	../data/60/index_koivu_kp_2_60.img
0.143 	81361416.000	81361416.00	0.0000	1916.55	1093.18	../data/60/index_koivu_kp_3_60.img
0.143 	13588251.000	13588251.00	0.0000	1826.03	1181.64	../data/60/index_koivu_kp_4_60.img
0.214 	1609295.500	1609295.50	0.0000	1864.54	1121.96	../data/60/index_koivu_kp_5_60.img
0.429 	2308358.500	2308358.50	0.0000	2033.08	1109.16	../data/60/index_kuusi_kp_1_60.img
0.214 	174493104.000	174493104.00	0.0000	1964.60	1018.09	../data/60/index_kuusi_kp_2_60.img
0.143 	326396128.000	326396128.00	0.0000	1917.34	1046.00	../data/60/index_kuusi_kp_3_60.img
0.143 	32747576.000	32747576.00	0.0000	1763.23	1227.77	../data/60/index_kuusi_kp_4_60.img
0.143 	3910231.500	3910231.50	0.0000	1782.09	1131.16	../data/60/index_kuusi_kp_5_60.img
1.000 	2712169.000	2712169.00	0.0000	1969.96	1047.69	../data/60/index_mlp_kp_1_60.img
0.571 	27924944.000	27924944.00	0.0000	1927.76	1029.07	../data/60/index_mlp_kp_2_60.img
0.429 	40060700.000	40060700.00	0.0000	1937.42	1042.49	../data/60/index_mlp_kp_3_60.img
0.286 	7406191.500	7406191.50	0.0000	1895.06	1070.18	../data/60/index_mlp_kp_4_60.img
0.357 	1044901.312	1044901.31	0.0000	1879.23	1076.79	../data/60/index_mlp_kp_5_60.img
0.429 	1496314.625	1496314.62	0.0000	1988.22	1086.31	../data/60/index_manty_kp_1_60.img
0.143 	77221528.000	77221528.00	0.0000	1936.78	1093.07	../data/60/index_manty_kp_2_60.img
0.143 	284668480.000	284668480.00	0.0000	1959.49	1094.73	../data/60/index_manty_kp_3_60.img
0.143 	126537008.000	126537008.00	0.0000	1926.30	1094.84	../data/60/index_manty_kp_4_60.img
0.143 	12073807.000	12073807.00	0.0000	1910.65	1143.58	../data/60/index_manty_kp_5_60.img
0.571 	2351500.250	2351500.25	0.0000	1202.13	1610.15	../data/60/index_koivu_kp_1_60.img
0.286 	50118632.000	50118632.00	0.0000	1250.79	1622.80	../data/60/index_koivu_kp_2_60.img
0.143 	81361416.000	81361416.00	0.0000	1308.02	1737.84	../data/60/index_koivu_kp_3_60.img
0.143 	13588251.000	13588251.00	0.0000	1303.73	1746.63	../data/60/index_koivu_kp_4_60.img
0.214 	1609295.500	1609295.50	0.0000	1340.95	1763.71	../data/60/index_koivu_kp_5_60.img
0.429 	2308358.500	2308358.50	0.0000	687.97	1977.75	../data/60/index_kuusi_kp_1_60.img
0.214 	174493104.000	174493104.00	0.0000	1405.07	1461.13	../data/60/index_kuusi_kp_2_60.img
0.143 	326396128.000	326396128.00	0.0000	1519.55	1509.57	../data/60/index_kuusi_kp_3_60.img
0.143 	32747576.000	32747576.00	0.0000	1462.81	1586.50	../data/60/index_kuusi_kp_4_60.img
0.143 	3910231.500	3910231.50	0.0000	1575.94	1567.54	../data/60/index_kuusi_kp_5_60.img
1.000 	2712169.000	2712169.00	0.0000	617.45	2014.97	../data/60/index_mlp_kp_1_60.img
0.571 	27924944.000	27924944.00	0.0000	1330.28	1535.44	../data/60/index_mlp_kp_2_60.img
0.429 	40060700.000	40060700.00	0.0000	1227.46	1638.74	../data/60/index_mlp_kp_3_60.img
0.286 	7406191.500	7406191.50	0.0000	841.86	1951.81	../data/60/index_mlp_kp_4_60.img
0.357 	1044901.312	1044901.31	0.0000	977.69	1832.58	../data/60/index_mlp_kp_5_60.img
0.429 	1496314.625	1496314.62	0.0000	821.13	1907.15	../data/60/index_manty_kp_1_60.img
0.143 	77221528.000	77221528.00	0.0000	1346.53	1520.87	../data/60/index_manty_kp_2_60.img
0.143 	284668480.000	284668480.00	0.0000	1484.85	1667.40	../data/60/index_manty_kp_3_60.img
0.143 	126537008.000	126537008.00	0.0000	1445.51	1663.58	../data/60/index_manty_kp_4_60.img
0.143 	12073807.000	12073807.00	0.0000	1550.57	1649.73	../data/60/index_manty_kp_5_60.img
0.571 	2351500.250	2351500.25	0.0000	1218.95	1629.45	../data/60/index_koivu_kp_1_60.img
0.286 	50118632.000	50118632.00	0.0000	1515.08	1499.58	../data/60/index_koivu_kp_2_60.img
0.143 	81361416.000	81361416.00	0.0000	1515.55	1607.97	../data/60/index_koivu_kp_3_60.img
0.143 	13588251.000	13588251.00	0.0000	1590.24	1562.12	../data/60/index_koivu_kp_4_60.img
0.214 	1609295.500	1609295.50	0.0000	1551.53	1624.24	../data/60/index_koivu_kp_5_60.img
0.429 	2308358.500	2308358.50	0.0000	1028.51	1725.33	../data/60/index_kuusi_kp_1_60.img
0.214 	174493104.000	174493104.00	0.0000	1623.86	1288.98	../data/60/index_kuusi_kp_2_60.img
0.143 	326396128.000	326396128.00	0.0000	1631.44	1408.40	../data/60/index_kuusi_kp_3_60.img
0.143 	32747576.000	32747576.00	0.0000	1703.89	1404.14	../data/60/index_kuusi_kp_4_60.img
0.143 	3910231.500	3910231.50	0.0000	1702.38	1491.21	../data/60/index_kuusi_kp_5_60.img
1.000 	2712169.000	2712169.00	0.0000	864.88	1831.07	../data/60/index_mlp_kp_1_60.img
0.571 	27924944.000	27924944.00	0.0000	1521.28	1396.98	../data/60/index_mlp_kp_2_60.img
0.429 	40060700.000	40060700.00	0.0000	1537.19	1425.01	../data/60/index_mlp_kp_3_60.img
0.286 	7406191.500	7406191.50	0.0000	1462.85	1529.00	../data/60/index_mlp_kp_4_60.img
0.357 	1044901.312	1044901.31	0.0000	1387.86	1550.18	../data/60/index_mlp_kp_5_60.img
0.429 	1496314.625	1496314.62	0.0000	1087.05	1727.60	../data/60/index_manty_kp_1_60.img
0.143 	77221528.000	77221528.00	0.0000	1578.02	1460.56	../data/60/index_manty_kp_2_60.img
0.143 	284668480.000	284668480.00	0.0000	1646.26	1571.17	../data/60/index_manty_kp_3_60.img
0.143 	126537008.000	126537008.00	0.0000	1670.84	1513.71	../data/60/index_manty_kp_4_60.img
0.143 	12073807.000	12073807.00	0.0000	1711.49	1541.01	../data/60/index_manty_kp_5_60.img
0.571 	2351500.250	2351500.25	0.0000	1952.98	1179.66	../data/60/index_koivu_kp_1_60.img
0.286 	50118632.000	50118632.00	0.0000	1818.15	1126.26	../data/60/index_koivu_kp_2_60.img
0.143 	81361416.000	81361416.00	0.0000	1817.60	1144.60	../data/60/index_koivu_kp_3_60.img
0.143 	13588251.000	13588251.00	0.0000	1799.60	1182.46	../data/60/index_koivu_kp_4_60.img
0.214 	1609295.500	1609295.50	0.0000	1745.21	1219.85	../data/60/index_koivu_kp_5_60.img
0.429 	2308358.500	2308358.50	0.0000	1982.37	1187.22	../data/60/index_kuusi_kp_1_60.img
0.214 	174493104.000	174493104.00	0.0000	1896.51	1005.67	../data/60/index_kuusi_kp_2_60.img
0.143 	326396128.000	326396128.00	0.0000	1866.69	1041.28	../data/60/index_kuusi_kp_3_60.img
0.143 	32747576.000	32747576.00	0.0000	1789.27	1156.31	../data/60/index_kuusi_kp_4_60.img
0.143 	3910231.500	3910231.50	0.0000	1683.50	1189.03	../data/60/index_kuusi_kp_5_60.img
1.000 	2712169.000	2712169.00	0.0000	1907.48	1096.05	../data/60/index_mlp_kp_1_60.img
0.571 	27924944.000	27924944.00	0.0000	1806.12	1070.18	../data/60/index_mlp_kp_2_60.img
0.429 	40060700.000	40060700.00	0.0000	1799.50	1106.20	../data/60/index_mlp_kp_3_60.img
0.286 	7406191.500	7406191.50	0.0000	1835.84	1117.35	../data/60/index_mlp_kp_4_60.img
0.357 	1044901.312	1044901.31	0.0000	1717.39	1187.22	../data/60/index_mlp_kp_5_60.img
0.429 	1496314.625	1496314.62	0.0000	1954.68	1176.32	../data/60/index_manty_kp_1_60.img
0.143 	77221528.000	77221528.00	0.0000	1800.35	1189.47	../data/60/index_manty_kp_2_60.img
0.143 	284668480.000	284668480.00	0.0000	1870.30	1192.43	../data/60/index_manty_kp_3_60.img
0.143 	126537008.000	126537008.00	0.0000	1927.95	1088.45	../data/60/index_manty_kp_4_60.img
0.143 	12073807.000	12073807.00	0.0000	1857.00	1199.43	../data/60/index_manty_kp_5_60.img
0.000 	13568.751	13568.75	0.0000	1425.79	1566.68	../data/60/mv_wrscr_60.img
0.000 	61581.363	61581.36	0.0000	1772.58	1199.03	../data/60/mh_wrscr_60.img
