List of species and weights used in analysis in order of columns:
Weight  distribution-sum  IGRetained TviolationFractRem  Distr-mean-X   Distr-mean-Y  MapFileName
0.571 	2351500.250	2351500.25	0.0000	1610.52	1362.16	../data/60/index_koivu_kp_1_60.img
0.286 	50118632.000	50118632.00	0.0000	1376.99	1468.38	../data/60/index_koivu_kp_2_60.img
0.143 	81361416.000	81361416.00	0.0000	1363.62	1488.95	../data/60/index_koivu_kp_3_60.img
0.143 	13588251.000	13588251.00	0.0000	1416.14	1491.21	../data/60/index_koivu_kp_4_60.img
0.214 	1609295.500	1609295.50	0.0000	1381.97	1440.86	../data/60/index_koivu_kp_5_60.img
0.429 	2308358.500	2308358.50	0.0000	1570.11	1419.02	../data/60/index_kuusi_kp_1_60.img
0.214 	174493104.000	174493104.00	0.0000	1319.40	1406.20	../data/60/index_kuusi_kp_2_60.img
0.143 	326396128.000	326396128.00	0.0000	1320.57	1377.37	../data/60/index_kuusi_kp_3_60.img
0.143 	32747576.000	32747576.00	0.0000	1331.32	1428.80	../data/60/index_kuusi_kp_4_60.img
0.143 	3910231.500	3910231.50	0.0000	1304.85	1381.23	../data/60/index_kuusi_kp_5_60.img
1.000 	2712169.000	2712169.00	0.0000	1632.56	1270.87	../data/60/index_mlp_kp_1_60.img
0.571 	27924944.000	27924944.00	0.0000	1419.47	1360.30	../data/60/index_mlp_kp_2_60.img
0.429 	40060700.000	40060700.00	0.0000	1440.74	1394.88	../data/60/index_mlp_kp_3_60.img
0.286 	7406191.500	7406191.50	0.0000	1510.93	1387.84	../data/60/index_mlp_kp_4_60.img
0.357 	1044901.312	1044901.31	0.0000	1375.33	1421.53	../data/60/index_mlp_kp_5_60.img
0.429 	1496314.625	1496314.62	0.0000	1511.63	1409.85	../data/60/index_manty_kp_1_60.img
0.143 	77221528.000	77221528.00	0.0000	1331.71	1503.92	../data/60/index_manty_kp_2_60.img
0.143 	284668480.000	284668480.00	0.0000	1427.07	1504.36	../data/60/index_manty_kp_3_60.img
0.143 	126537008.000	126537008.00	0.0000	1488.51	1477.66	../data/60/index_manty_kp_4_60.img
0.143 	12073807.000	12073807.00	0.0000	1399.64	1499.26	../data/60/index_manty_kp_5_60.img
0.571 	2351500.250	2351500.25	0.0000	1163.62	1695.60	../data/60/index_koivu_kp_1_60.img
0.286 	50118632.000	50118632.00	0.0000	996.16	1771.02	../data/60/index_koivu_kp_2_60.img
0.143 	81361416.000	81361416.00	0.0000	1174.01	1795.20	../data/60/index_koivu_kp_3_60.img
0.143 	13588251.000	13588251.00	0.0000	1164.51	1861.19	../data/60/index_koivu_kp_4_60.img
0.214 	1609295.500	1609295.50	0.0000	1243.43	1875.39	../data/60/index_koivu_kp_5_60.img
0.429 	2308358.500	2308358.50	0.0000	882.66	1845.80	../data/60/index_kuusi_kp_1_60.img
0.214 	174493104.000	174493104.00	0.0000	1155.61	1570.64	../data/60/index_kuusi_kp_2_60.img
0.143 	326396128.000	326396128.00	0.0000	1226.10	1569.79	../data/60/index_kuusi_kp_3_60.img
0.143 	32747576.000	32747576.00	0.0000	1229.18	1669.18	../data/60/index_kuusi_kp_4_60.img
0.143 	3910231.500	3910231.50	0.0000	1380.67	1650.87	../data/60/index_kuusi_kp_5_60.img
1.000 	2712169.000	2712169.00	0.0000	1046.13	1665.19	../data/60/index_mlp_kp_1_60.img
0.571 	27924944.000	27924944.00	0.0000	1182.82	1601.33	../data/60/index_mlp_kp_2_60.img
0.429 	40060700.000	40060700.00	0.0000	1147.58	1722.32	../data/60/index_mlp_kp_3_60.img
0.286 	7406191.500	7406191.50	0.0000	910.61	1939.96	../data/60/index_mlp_kp_4_60.img
0.357 	1044901.312	1044901.31	0.0000	1106.01	1851.67	../data/60/index_mlp_kp_5_60.img
0.429 	1496314.625	1496314.62	0.0000	827.15	1887.74	../data/60/index_manty_kp_1_60.img
0.143 	77221528.000	77221528.00	0.0000	1153.84	1700.99	../data/60/index_manty_kp_2_60.img
0.143 	284668480.000	284668480.00	0.0000	1292.88	1732.81	../data/60/index_manty_kp_3_60.img
0.143 	126537008.000	126537008.00	0.0000	1251.92	1756.01	../data/60/index_manty_kp_4_60.img
0.143 	12073807.000	12073807.00	0.0000	1363.76	1846.86	../data/60/index_manty_kp_5_60.img
0.571 	2351500.250	2351500.25	0.0000	1351.51	1554.35	../data/60/index_koivu_kp_1_60.img
0.286 	50118632.000	50118632.00	0.0000	1374.93	1462.76	../data/60/index_koivu_kp_2_60.img
0.143 	81361416.000	81361416.00	0.0000	1325.53	1491.21	../data/60/index_koivu_kp_3_60.img
0.143 	13588251.000	13588251.00	0.0000	1354.19	1541.94	../data/60/index_koivu_kp_4_60.img
0.214 	1609295.500	1609295.50	0.0000	1283.20	1485.51	../data/60/index_koivu_kp_5_60.img
0.429 	2308358.500	2308358.50	0.0000	1304.74	1529.29	../data/60/index_kuusi_kp_1_60.img
0.214 	174493104.000	174493104.00	0.0000	1406.00	1330.79	../data/60/index_kuusi_kp_2_60.img
0.143 	326396128.000	326396128.00	0.0000	1329.17	1351.80	../data/60/index_kuusi_kp_3_60.img
0.143 	32747576.000	32747576.00	0.0000	1345.67	1413.32	../data/60/index_kuusi_kp_4_60.img
0.143 	3910231.500	3910231.50	0.0000	1285.86	1398.86	../data/60/index_kuusi_kp_5_60.img
1.000 	2712169.000	2712169.00	0.0000	1355.34	1448.41	../data/60/index_mlp_kp_1_60.img
0.571 	27924944.000	27924944.00	0.0000	1353.45	1378.00	../data/60/index_mlp_kp_2_60.img
0.429 	40060700.000	40060700.00	0.0000	1347.47	1442.13	../data/60/index_mlp_kp_3_60.img
0.286 	7406191.500	7406191.50	0.0000	1388.42	1510.15	../data/60/index_mlp_kp_4_60.img
0.357 	1044901.312	1044901.31	0.0000	1259.50	1478.96	../data/60/index_mlp_kp_5_60.img
0.429 	1496314.625	1496314.62	0.0000	1314.28	1579.61	../data/60/index_manty_kp_1_60.img
0.143 	77221528.000	77221528.00	0.0000	1371.73	1476.95	../data/60/index_manty_kp_2_60.img
0.143 	284668480.000	284668480.00	0.0000	1387.54	1525.83	../data/60/index_manty_kp_3_60.img
0.143 	126537008.000	126537008.00	0.0000	1423.32	1547.43	../data/60/index_manty_kp_4_60.img
0.143 	12073807.000	12073807.00	0.0000	1334.50	1526.17	../data/60/index_manty_kp_5_60.img
0.571 	2351500.250	2351500.25	0.0000	1170.03	1684.75	../data/60/index_koivu_kp_1_60.img
0.286 	50118632.000	50118632.00	0.0000	1243.05	1617.26	../data/60/index_koivu_kp_2_60.img
0.143 	81361416.000	81361416.00	0.0000	1328.08	1678.04	../data/60/index_koivu_kp_3_60.img
0.143 	13588251.000	13588251.00	0.0000	1360.77	1734.59	../data/60/index_koivu_kp_4_60.img
0.214 	1609295.500	1609295.50	0.0000	1356.93	1768.08	../data/60/index_koivu_kp_5_60.img
0.429 	2308358.500	2308358.50	0.0000	1054.03	1722.61	../data/60/index_kuusi_kp_1_60.img
0.214 	174493104.000	174493104.00	0.0000	1334.66	1410.49	../data/60/index_kuusi_kp_2_60.img
0.143 	326396128.000	326396128.00	0.0000	1341.08	1452.31	../data/60/index_kuusi_kp_3_60.img
0.143 	32747576.000	32747576.00	0.0000	1397.53	1528.16	../data/60/index_kuusi_kp_4_60.img
0.143 	3910231.500	3910231.50	0.0000	1465.08	1569.79	../data/60/index_kuusi_kp_5_60.img
1.000 	2712169.000	2712169.00	0.0000	1122.17	1610.54	../data/60/index_mlp_kp_1_60.img
0.571 	27924944.000	27924944.00	0.0000	1314.50	1488.62	../data/60/index_mlp_kp_2_60.img
0.429 	40060700.000	40060700.00	0.0000	1342.40	1582.81	../data/60/index_mlp_kp_3_60.img
0.286 	7406191.500	7406191.50	0.0000	1342.41	1677.43	../data/60/index_mlp_kp_4_60.img
0.357 	1044901.312	1044901.31	0.0000	1313.67	1697.75	../data/60/index_mlp_kp_5_60.img
0.429 	1496314.625	1496314.62	0.0000	1050.23	1776.81	../data/60/index_manty_kp_1_60.img
0.143 	77221528.000	77221528.00	0.0000	1329.06	1589.96	../data/60/index_manty_kp_2_60.img
0.143 	284668480.000	284668480.00	0.0000	1413.80	1652.58	../data/60/index_manty_kp_3_60.img
0.143 	126537008.000	126537008.00	0.0000	1404.19	1669.31	../data/60/index_manty_kp_4_60.img
0.143 	12073807.000	12073807.00	0.0000	1451.65	1771.93	../data/60/index_manty_kp_5_60.img
0.000 	13568.751	13568.75	0.0000	1425.79	1566.68	../data/60/mv_wrscr_60.img
